1
190
92 94
93 94
94 96
47 48
42 43
37 39
29 30
75 76
65 67
31 32
39 41
27 28
53 54
43 44
38 40
64 66
48 49
11 12
48 50
58 59
51 52
58 60
32 33
52 53
68 70
15 17
75 77
51 53
44 45
39 40
49 51
46 48
91 92
45 46
21 22
60 61
66 67
76 77
53 55
78 80
16 18
9 10
83 85
59 61
62 64
8 9
56 57
64 65
25 27
89 91
70 71
72 74
91 93
23 25
63 64
27 29
95 96
96 97
19 21
40 42
81 83
57 58
5 7
7 8
3 5
79 81
22 23
28 30
36 37
56 58
25 26
22 24
38 39
61 62
41 42
63 65
6 7
94 95
18 19
86 87
54 55
90 91
82 84
77 78
81 82
40 41
67 68
65 66
66 68
67 69
82 83
19 20
90 92
5 6
26 27
78 79
10 12
43 45
50 51
52 54
20 22
32 34
57 59
79 80
73 74
16 17
84 85
80 82
28 29
54 56
34 35
12 14
80 81
31 33
83 84
23 24
68 69
35 37
89 90
34 36
14 16
4 6
13 14
86 88
74 76
3 4
92 93
87 89
85 86
55 56
70 72
30 32
14 15
20 21
49 50
36 38
24 26
18 20
4 5
74 75
15 16
17 19
88 90
47 49
88 89
59 60
84 86
21 23
1 3
97 98
97 99
24 25
46 47
85 87
33 35
72 73
61 63
30 31
69 70
50 52
6 8
71 72
9 11
17 18
12 13
35 36
62 63
93 95
76 78
77 79
60 62
42 44
2 3
71 73
87 88
10 11
73 75
37 38
13 15
11 13
8 10
69 71
26 28
44 46
41 43
55 57
29 31
45 47
7 9
33 34